100.0
100.0
100.0
100.0
100.0
100.0
100.0
100.0
100.0
100.0
100.0
100.0
100.0
100.0
100.0
100.0
100.0
100.0
100.0
100.0
100.0
100.0
100.0
100.0
100.0
100.0
100.0
100.0
150.0
136.0
128.0
126.0
126.0
126.0
142.0
182.0
212.0
226.0
244.0
254.0
254.0
254.0
254.0
254.0
254.0
254.0
254.0
254.0
254.0
254.0
254.0
254.0
254.0
254.0
254.0
254.0
254.0
254.0
254.0
254.0
254.0
254.0
254.0
254.0
254.0
254.0
254.0
254.0
254.0
254.0
254.0
254.0
254.0
254.0
254.0
254.0
254.0
254.0
254.0
254.0
254.0
254.0
254.0
254.0
254.0
254.0
254.0
254.0
254.0
254.0
226.0
202.0
172.0
152.0
128.0
100.0
78.0
76.0
74.0
72.0
72.0
72.0
72.0
72.0
72.0
72.0
72.0
72.0
66.0
56.0
42.0
22.0
8.0
8.0
8.0
8.0
8.0
8.0
8.0
8.0
8.0
8.0
8.0
8.0
8.0
8.0
8.0
8.0
8.0
8.0
22.0
48.0
72.0
88.0
100.0
114.0
140.0
176.0
208.0
216.0
232.0
240.0
240.0
240.0
240.0
240.0
240.0
240.0
240.0
240.0
230.0
222.0
212.0
202.0
196.0
192.0
182.0
178.0
176.0
166.0
160.0
156.0
152.0
146.0
140.0
132.0
124.0
122.0
118.0
114.0
110.0
106.0
102.0
100.0
100.0
100.0
96.0
92.0
88.0
82.0
78.0
72.0
68.0
60.0
54.0
52.0
48.0
46.0
42.0
40.0
38.0
34.0
30.0
24.0
22.0
20.0
14.0
4.0
2.0
2.0
2.0
2.0
22.0
40.0
60.0
72.0
90.0
108.0
120.0
134.0
156.0
198.0
232.0
254.0
254.0
254.0
254.0
254.0
254.0
254.0
254.0
254.0
254.0
254.0
248.0
240.0
238.0
238.0
236.0
234.0
232.0
232.0
232.0
242.0
254.0
254.0
254.0
254.0
254.0
254.0
254.0
254.0
254.0
254.0
254.0
242.0
228.0
208.0
188.0
162.0
146.0
134.0
124.0
112.0
94.0
82.0
72.0
64.0
54.0
50.0
48.0
48.0
52.0
70.0
94.0
104.0
108.0
110.0
114.0
116.0
122.0
128.0
138.0
170.0
218.0
254.0
254.0
254.0
254.0
254.0
254.0
254.0
254.0
254.0
254.0
254.0
254.0
254.0
254.0
254.0
254.0
254.0
254.0
254.0
254.0
254.0
254.0
254.0
254.0
254.0
254.0
254.0
254.0
254.0
254.0
228.0
170.0
124.0
100.0
84.0
64.0
46.0
42.0
38.0
32.0
26.0
24.0
18.0
10.0
6.0
6.0
6.0
6.0
6.0
6.0
6.0
6.0
6.0
6.0
6.0
6.0
6.0
6.0
6.0
6.0
6.0
6.0
6.0
6.0
6.0
6.0
6.0
6.0
6.0
6.0
6.0
6.0
6.0
6.0
6.0
6.0
6.0
6.0
6.0
6.0
6.0
6.0
6.0
6.0
6.0
2.0
10.0
28.0
62.0
84.0
110.0
158.0
190.0
254.0
254.0
254.0
254.0
254.0
254.0
254.0
254.0
254.0
254.0
254.0
254.0
254.0
254.0
254.0
254.0
254.0
254.0
254.0
254.0
254.0
254.0
254.0
254.0
254.0
254.0
254.0
254.0
254.0
254.0
232.0
174.0
128.0
98.0
80.0
60.0
46.0
36.0
18.0
2.0
2.0
2.0
2.0
2.0
2.0
2.0
2.0
6.0
38.0
78.0
110.0
134.0
158.0
182.0
196.0
220.0
254.0
254.0
254.0
254.0
254.0
254.0
254.0
254.0
254.0
254.0
254.0
254.0
254.0
254.0
254.0
254.0
254.0
254.0
254.0
254.0
254.0
254.0
254.0
254.0
254.0
254.0
254.0
254.0
254.0
254.0
254.0
254.0
254.0
254.0
254.0
254.0
254.0
254.0
254.0
254.0
254.0
254.0
254.0
254.0
254.0
254.0
254.0
254.0
254.0
254.0
254.0
254.0
254.0
254.0
248.0
204.0
178.0
156.0
132.0
108.0
78.0
48.0
24.0
2.0
2.0
2.0
2.0
2.0
2.0
2.0
2.0
2.0
2.0
2.0
2.0
2.0
2.0
2.0
28.0
70.0
116.0
178.0
228.0
254.0
254.0
254.0
254.0
254.0
254.0
254.0
254.0
254.0
254.0
254.0
254.0
254.0
254.0
254.0
254.0
254.0
254.0
254.0
254.0
254.0
254.0
254.0
254.0
254.0
254.0
254.0
254.0
254.0
254.0
254.0
254.0
254.0
254.0
254.0
254.0
254.0
254.0
254.0
254.0
