-1000.0
-1000.0
-1000.0
-1000.0
-1000.0
-1000.0
-1000.0
-1000.0
-1000.0
-1000.0
-1000.0
-1000.0
-1000.0
-1000.0
-1000.0
-1000.0
-1000.0
-1000.0
-1000.0
-1443.0
-1521.0
-1560.0
-1599.0
-1599.0
-1599.0
-1599.0
-1599.0
-1677.0
-1677.0
-1677.0
-1677.0
-1677.0
-1677.0
-1677.0
-1716.0
-1716.0
-1716.0
-1716.0
-1716.0
-1716.0
-1716.0
-1716.0
-1716.0
-1716.0
-1716.0
-1716.0
-1716.0
-1716.0
-1716.0
-1716.0
-1716.0
-1716.0
-1716.0
-1716.0
-1716.0
-1716.0
-1716.0
-1716.0
-1638.0
-1638.0
-1638.0
-1599.0
-1599.0
-1599.0
-1599.0
-1560.0
-1560.0
-1560.0
-1560.0
-1560.0
-1560.0
-1560.0
-1482.0
-1482.0
-1482.0
-1443.0
-1443.0
-1443.0
-1404.0
-1404.0
-1365.0
-1365.0
-1365.0
-1365.0
-1326.0
-1287.0
-1287.0
-1287.0
-1248.0
-1248.0
-1209.0
-1209.0
-1170.0
-1170.0
-1131.0
-1131.0
-1092.0
-1053.0
-1014.0
-1014.0
-975.0
-975.0
-975.0
-936.0
-936.0
-936.0
-936.0
-897.0
-897.0
-897.0
-897.0
-858.0
-858.0
-858.0
-819.0
-819.0
-819.0
-819.0
-819.0
-780.0
-780.0
-780.0
-780.0
-780.0
-741.0
-741.0
-741.0
-741.0
-741.0
-702.0
-702.0
-702.0
-702.0
-702.0
-663.0
-663.0
-663.0
-663.0
-624.0
-624.0
-624.0
-624.0
-624.0
-624.0
-585.0
-585.0
-585.0
-585.0
-585.0
-585.0
-585.0
-585.0
-585.0
-585.0
-546.0
-546.0
-546.0
-546.0
-546.0
-546.0
-546.0
-546.0
-546.0
-546.0
-546.0
-546.0
-546.0
-546.0
-546.0
-507.0
-507.0
-507.0
-507.0
-507.0
-507.0
-507.0
-507.0
-507.0
-507.0
-507.0
-507.0
-507.0
-507.0
-507.0
-507.0
-507.0
-507.0
-507.0
-507.0
-507.0
-507.0
-507.0
-507.0
-507.0
-507.0
-507.0
-507.0
-507.0
-585.0
-585.0
-585.0
-624.0
-624.0
-624.0
-663.0
-663.0
-663.0
-702.0
-702.0
-741.0
-741.0
-741.0
-780.0
-780.0
-780.0
-780.0
-780.0
-780.0
-780.0
-780.0
-819.0
-819.0
-819.0
-819.0
-819.0
-858.0
-858.0
-858.0
-858.0
-897.0
-897.0
-897.0
-897.0
-897.0
-936.0
-936.0
-936.0
-936.0
-936.0
-936.0
-936.0
-975.0
-975.0
-975.0
-975.0
-975.0
-975.0
-975.0
-975.0
-975.0
-1014.0
-1014.0
-1014.0
-1014.0
-1014.0
-1014.0
-1014.0
-1014.0
-1053.0
-1053.0
-1053.0
-1053.0
-1053.0
-1053.0
-1053.0
-1053.0
-1053.0
-1092.0
-1092.0
-1092.0
-1092.0
-1092.0
-1092.0
-1092.0
-1092.0
-1092.0
-1092.0
-1092.0
-1092.0
-1092.0
-1131.0
-1131.0
-1131.0
-1131.0
-1131.0
-1131.0
-1131.0
-1131.0
-1131.0
-1131.0
-1131.0
-1131.0
-1170.0
-1170.0
-1170.0
-1170.0
-1170.0
-1170.0
-1170.0
-1170.0
-1170.0
-1170.0
-1170.0
-1170.0
-1209.0
-1209.0
-1209.0
-1209.0
-1209.0
-1209.0
-1209.0
-1209.0
-1209.0
-1248.0
-1248.0
-1248.0
-1248.0
-1248.0
-1248.0
-1248.0
-1248.0
-1248.0
-1248.0
-1248.0
-1287.0
-1287.0
-1287.0
-1287.0
-1287.0
-1287.0
-1326.0
-1326.0
-1326.0
-1326.0
-1326.0
-1326.0
-1365.0
-1365.0
-1365.0
-1365.0
-1365.0
-1365.0
-1365.0
-1365.0
-1365.0
-1365.0
-1365.0
-1365.0
-1404.0
-1404.0
-1404.0
-1404.0
-1404.0
-1404.0
-1404.0
-1404.0
-1404.0
-1404.0
-1404.0
-1404.0
-1404.0
-1404.0
-1443.0
-1443.0
-1443.0
-1443.0
-1443.0
-1443.0
-1443.0
-1482.0
-1482.0
-1482.0
-1482.0
-1482.0
-1482.0
-1482.0
-1482.0
-1482.0
-1482.0
-1482.0
-1482.0
-1482.0
-1482.0
-1482.0
-1482.0
-1482.0
-1482.0
-1482.0
-1482.0
-1482.0
-1404.0
-1404.0
-1404.0
-1365.0
-1365.0
-1365.0
-1365.0
-1365.0
-1326.0
-1326.0
-1326.0
-1326.0
-1326.0
-1287.0
-1287.0
-1287.0
-1287.0
-1248.0
-1248.0
-1248.0
-1248.0
-1209.0
-1209.0
-1209.0
-1209.0
-1170.0
-1170.0
-1170.0
-1170.0
-1131.0
-1092.0
-1092.0
-1053.0
-1053.0
-1014.0
-1014.0
-1014.0
-1014.0
-975.0
-975.0
-975.0
-936.0
-936.0
-936.0
-897.0
-897.0
-858.0
-858.0
-858.0
-858.0
-819.0
-819.0
-819.0
-780.0
-780.0
-780.0
-780.0
-741.0
-741.0
-741.0
-702.0
-702.0
-702.0
-702.0
-663.0
-663.0
-663.0
-663.0
-624.0
-624.0
-624.0
-624.0
-585.0
-585.0
-585.0
-585.0
-585.0
-585.0
-585.0
-546.0
-546.0
-546.0
-546.0
-546.0
-546.0
-546.0
-546.0
-507.0
-507.0
-507.0
-507.0
-507.0
-507.0
-507.0
-507.0
-507.0
-507.0
-507.0
-507.0
-507.0
-507.0
-507.0
-468.0
-468.0
-468.0
-468.0
-429.0
-429.0
-429.0
-429.0
-429.0
-429.0
-429.0
-429.0
-429.0
-429.0
-390.0
-390.0
-390.0
-390.0
-390.0
-390.0
-390.0
-390.0
-390.0
-390.0
-390.0
-390.0
-351.0
-351.0
-351.0
-351.0
-351.0
-351.0
-351.0
-351.0
-351.0
-351.0
-351.0
-351.0
-351.0
-351.0
-351.0
-351.0
-351.0
-351.0
-351.0
-351.0
-351.0
-351.0
-351.0
-351.0
-351.0
-351.0
-351.0
-351.0
-429.0
-429.0
-429.0
-468.0
-468.0
-468.0
-507.0
-507.0
-507.0
-546.0
-546.0
-546.0
-585.0
-585.0
-585.0
-585.0
-624.0
-624.0
-624.0
-624.0
-624.0
-663.0
-663.0
-663.0
-663.0
-702.0
-702.0
-702.0
-702.0
-702.0
-702.0
-702.0
-741.0
-741.0
-741.0
-741.0
-741.0
-741.0
-741.0
-780.0
-780.0
-780.0
-780.0
-780.0
-780.0
-780.0
-780.0
-819.0
-819.0
-819.0
-819.0
-819.0
-819.0
-819.0
-819.0
-858.0
-858.0
-858.0
-858.0
-858.0
-858.0
-897.0
-897.0
-897.0
-897.0
-897.0
-897.0
-897.0
-897.0
-936.0
-936.0
-936.0
-936.0
-936.0
-936.0
-936.0
-936.0
-975.0
-975.0
-975.0
-975.0
-975.0
-975.0
-1014.0
-1014.0
-1014.0
-1014.0
-1014.0
-1014.0
-1014.0
-1053.0
-1053.0
-1053.0
-1053.0
-1053.0
-1053.0
-1053.0
-1053.0
-1053.0
-1092.0
-1092.0
-1092.0
-1092.0
-1092.0
-1092.0
-1092.0
-1092.0
-1092.0
-1092.0
-1092.0
-1092.0
-1131.0
-1131.0
-1131.0
-1131.0
-1131.0
-1131.0
-1131.0
-1131.0
-1131.0
-1131.0
-1131.0
-1131.0
-1131.0
-1131.0
-1131.0
-1170.0
-1170.0
-1170.0
-1170.0
-1170.0
-1170.0
-1170.0
-1170.0
-1170.0
-1170.0
-1209.0
-1209.0
-1209.0
-1209.0
-1209.0
-1209.0
-1209.0
-1209.0
-1209.0
-1209.0
-1209.0
-1209.0
-1209.0
-1209.0
-1209.0
-1209.0
-1209.0
-1209.0
-1209.0
-1209.0
-1209.0
-1209.0
-1209.0
-1209.0
-1209.0
-1209.0
-1209.0
-1209.0
-1209.0
-1209.0
-1209.0
-1209.0
-1248.0
-1248.0
-1248.0
-1248.0
-1248.0
-1248.0
-1248.0
-1248.0
-1248.0
-1287.0
-1287.0
-1287.0
-1287.0
-1326.0
-1365.0
-1365.0
-1365.0
-1404.0
-1404.0
-1404.0
-1404.0
-1443.0
-1443.0
-1482.0
-1521.0
-1521.0
-1560.0
-1599.0
-1599.0
-1638.0
-1677.0
-1677.0
-1716.0
-1716.0
-1755.0
-1755.0
-1794.0
-1833.0
-1872.0
-1911.0
-1911.0
-1950.0
-1950.0
-1989.0
-1989.0
-2028.0
-2028.0
-2067.0
-2067.0
-2067.0
-2067.0
-1911.0
-1872.0
-1794.0
-1755.0
-1716.0
-1677.0
-1599.0
-1560.0
-1521.0
-1482.0
-1443.0
-1365.0
-1326.0
-1287.0
-1248.0
-1209.0
-1170.0
-1131.0
-1092.0
-1053.0
-1014.0
-1014.0
-975.0
-936.0
-936.0
-936.0
-936.0
-936.0
-858.0
-819.0
-819.0
-819.0
-780.0
-780.0
-780.0
-741.0
-741.0
-741.0
-741.0
-741.0
-702.0
-702.0
-702.0
-663.0
-663.0
-663.0
-663.0
-663.0
-663.0
-663.0
-663.0
-663.0
-663.0
-663.0
-663.0
-663.0
-585.0
-585.0
-585.0
-585.0
-585.0
-585.0
-546.0
-546.0
-546.0
-546.0
-546.0
-546.0
-546.0
-546.0
-546.0
-546.0
-546.0
-546.0
-546.0
-546.0
-546.0
-546.0
-546.0
-546.0
-546.0
-546.0
-507.0
-507.0
-507.0
-507.0
-507.0
-507.0
-507.0
-507.0
-507.0
-507.0
-507.0
-507.0
-507.0
-507.0
-507.0
-507.0
-507.0
-507.0
-507.0
-507.0
-507.0
-507.0
-507.0
-507.0
-507.0
-507.0
-507.0
-507.0
-507.0
-507.0
-507.0
-507.0
-507.0
-507.0
-507.0
-507.0
-507.0
-507.0
-507.0
-507.0
-507.0
-507.0
-507.0
-507.0
-507.0
-507.0
-507.0
-507.0
-507.0
-507.0
-507.0
-429.0
-429.0
-429.0
-429.0
-429.0
-429.0
-429.0
-429.0
-429.0
-429.0
-429.0
-507.0
-546.0
-546.0
-585.0
-585.0
-585.0
-624.0
-624.0
-624.0
-624.0
-663.0
-663.0
-663.0
-663.0
-663.0
-702.0
-702.0
-702.0
-702.0
-702.0
-702.0
-702.0
-702.0
-741.0
-741.0
-741.0
-741.0
-741.0
-741.0
-741.0
-741.0
-741.0
-741.0
-741.0
-741.0
-741.0
-741.0
-741.0
-741.0
-741.0
-741.0
-741.0
-741.0
-741.0
-741.0
-780.0
-780.0
-780.0
-780.0
-780.0
-780.0
-780.0
-780.0
-780.0
-780.0
-780.0
-780.0
-780.0
-780.0
-780.0
-780.0
-780.0
-780.0
-780.0
-780.0
-780.0
-780.0
-780.0
-780.0
-780.0
-780.0
-780.0
-780.0
-780.0
-780.0
-780.0
-780.0
-780.0
-780.0
-780.0
-780.0
-780.0
-780.0
-780.0
-780.0
-780.0
-780.0
-780.0
-780.0
-780.0
-780.0
-780.0
-780.0
-780.0
-780.0
-780.0
-780.0
-780.0
-780.0
-780.0
-780.0
-780.0
-780.0
-780.0
-780.0
-780.0
-780.0
-780.0
-780.0
-780.0
-780.0
-780.0
-780.0
-780.0
-780.0
-780.0
-780.0
-780.0
-780.0
