0.0
0.0
0.0
0.0
0.0
0.0
0.0
0.0
0.0
0.0
0.0
0.0
0.0
0.0
0.0
0.0
0.0
0.0
0.0
0.0
0.0
0.0
0.0
0.0
0.0
0.0
0.0
0.0
0.0
0.0
0.0
0.0
0.0
0.0
0.0
0.0
0.0
0.0
0.0
0.0
0.0
0.0
0.0
0.0
0.0
0.0
0.0
0.0
0.0
0.0
0.0
0.0
0.0494739
0.0494739
0.0494739
0.0989478
0.0989478
0.0989478
0.0989478
0.0989478
0.0989478
0.0989478
0.0989478
0.0989478
0.0989478
0.0989478
0.1978956
0.1978956
0.1978956
0.1978956
0.1978956
0.1978956
0.2473695
0.2473695
0.2473695
0.2473695
0.2473695
0.2968434
0.2968434
0.2968434
0.3463173
0.3463173
0.3463173
0.3463173
0.3463173
0.3463173
0.3463173
0.3463173
0.3463173
0.3463173
0.3463173
0.3463173
0.3463173
0.3463173
0.3463173
0.3463173
0.3463173
0.3463173
0.3463173
0.3463173
0.3463173
0.3463173
0.3463173
0.4452651
0.4452651
0.4452651
0.4452651
0.4452651
0.4452651
0.4452651
0.4452651
0.4452651
0.4452651
0.4452651
0.494739
0.494739
0.494739
0.494739
0.494739
0.494739
0.494739
0.494739
0.494739
0.494739
0.494739
0.494739
0.494739
0.494739
0.494739
0.494739
0.494739
0.494739
0.5936868
0.5936868
0.5936868
0.5936868
0.5936868
0.6431607
0.6431607
0.6431607
0.6431607
0.6431607
0.6926346
0.6926346
0.6926346
0.6926346
0.7421085
0.7421085
0.7421085
0.7421085
0.7915824
0.7915824
0.8410563
0.8410563
0.8410563
0.8410563
0.8905302
0.8905302
0.8905302
0.8905302
0.8905302
0.8905302
0.8905302
0.9400041
0.9400041
0.9400041
0.989478
0.989478
0.989478
0.989478
0.989478
0.989478
0.989478
0.989478
0.989478
0.989478
0.989478
0.989478
0.989478
0.989478
0.989478
0.989478
0.8905302
0.8410563
0.8410563
0.7915824
0.7915824
0.7915824
0.7421085
0.7421085
0.6926346
0.6926346
0.6431607
0.6431607
0.6431607
0.5936868
0.5936868
0.5442129
0.5442129
0.5442129
0.494739
0.494739
0.494739
0.4452651
0.4452651
0.4452651
0.4452651
0.3957912
0.3957912
0.3957912
0.3957912
0.3957912
0.3957912
0.3957912
0.3957912
0.3463173
0.3463173
0.3463173
0.3463173
0.3463173
0.3463173
0.3463173
0.2968434
0.2968434
0.2968434
0.2968434
0.2473695
0.2473695
0.2473695
0.2473695
0.1978956
0.1978956
0.1978956
0.1978956
0.1484217
0.1484217
0.1484217
0.1484217
0.0989478
0.0989478
0.0989478
0.0494739
0.0494739
0.0494739
0.0494739
0.0494739
0.0494739
0.0494739
0.0494739
0.0494739
0.0494739
0.0494739
0.0494739
0.0494739
0.0494739
0.0494739
0.0494739
0.0494739
0.0494739
0.0494739
0.0494739
0.0494739
0.0494739
0.0494739
0.0494739
0.0494739
0.0494739
0.0494739
0.0494739
0.0494739
0.0494739
0.0494739
0.0494739
0.0494739
0.0494739
0.0494739
0.0494739
0.0494739
0.0494739
0.0494739
0.0494739
0.0494739
0.0494739
0.0494739
0.0494739
0.0494739
0.0494739
0.0494739
0.0494739
0.0494739
0.0494739
0.0494739
0.0494739
0.0494739
0.0494739
0.0494739
0.0494739
0.0494739
0.0494739
0.0494739
0.0494739
0.0494739
0.0494739
0.0494739
0.0494739
0.0494739
0.0494739
0.0494739
0.0494739
0.0494739
0.0989478
0.0989478
0.0989478
0.1978956
0.2473695
0.2968434
0.2968434
0.3463173
0.3463173
0.3463173
0.3463173
0.3463173
0.3463173
0.3463173
0.3463173
0.3463173
0.3463173
0.3463173
0.3463173
0.3463173
0.4452651
0.4452651
0.4452651
0.4452651
0.4452651
0.4452651
0.4452651
0.494739
0.494739
0.494739
0.494739
0.494739
0.494739
0.494739
0.494739
0.494739
0.494739
0.494739
0.494739
0.494739
0.494739
0.494739
0.5936868
0.5936868
0.5936868
0.5936868
0.5936868
0.5936868
0.5936868
0.5936868
0.5936868
0.6431607
0.6431607
0.6431607
0.6926346
0.6926346
0.6926346
0.6926346
0.6926346
0.6926346
0.6926346
0.6926346
0.6926346
0.6926346
0.6926346
0.6926346
0.6926346
0.6926346
0.6926346
0.6926346
0.6926346
0.6926346
0.6926346
0.6926346
0.6926346
0.6926346
0.6926346
0.6926346
0.6926346
0.6926346
0.6926346
0.6926346
0.7915824
0.7915824
0.7915824
0.7915824
0.7915824
0.7915824
0.7915824
0.7915824
0.7915824
0.7915824
0.7915824
0.6926346
0.6431607
0.5936868
0.5442129
0.494739
0.494739
0.4452651
0.4452651
0.3957912
0.3957912
0.3957912
0.3463173
0.3463173
0.2968434
0.2473695
0.2473695
0.1978956
0.1484217
0.1484217
0.0989478
0.0989478
0.0494739
0.0494739
0.0494739
0.0494739
0.0494739
0.0494739
0.0494739
0.0494739
0.0494739
0.0494739
0.0494739
0.0494739
0.0494739
0.0494739
0.0494739
0.0494739
0.0494739
0.0494739
0.0494739
0.0494739
0.0494739
0.0494739
0.0494739
0.0494739
0.0494739
0.0494739
0.0494739
0.0494739
0.0494739
0.0494739
0.0494739
0.0494739
0.0494739
0.0494739
0.0494739
0.0494739
0.0494739
0.0494739
0.0494739
0.0494739
0.0494739
0.0494739
0.0494739
0.0494739
0.0494739
0.0494739
0.0494739
0.0494739
0.0494739
0.0494739
0.0494739
0.0494739
0.0494739
0.0494739
0.0494739
0.0494739
0.0494739
0.0494739
0.0494739
0.0494739
0.0494739
0.0494739
0.0494739
0.0494739
0.0494739
0.0494739
0.0494739
0.0989478
0.1484217
0.1484217
0.1978956
0.1978956
0.2473695
0.2473695
0.2968434
0.3463173
0.3463173
0.3957912
0.4452651
0.494739
0.5442129
0.5936868
0.5936868
0.6431607
0.6926346
0.6926346
0.7421085
0.7915824
0.8410563
0.8410563
0.8410563
0.8905302
0.9400041
0.9400041
0.989478
0.989478
1.0389519
1.0389519
1.0884258
1.0884258
1.1378998
1.1873736
1.1873736
1.2368475
1.2863214
1.2863214
1.3357953
1.3357953
1.3852692
1.3852692
1.4347432
1.484217
1.5336909
1.6326387
1.6821126
1.7315865
1.7315865
1.7315865
1.7810605
1.8305343
1.8800082
1.8800082
1.9294821
1.9294821
1.978956
1.978956
1.978956
2.02843
2.02843
2.02843
2.0779037
2.0779037
2.0779037
2.1273777
2.1273777
2.1273777
2.1273777
2.1273777
2.1273777
2.1768515
2.1768515
2.1768515
2.1768515
2.1768515
2.1768515
2.1768515
2.1768515
2.2263255
2.2263255
2.2263255
2.2263255
2.2263255
2.2263255
2.2263255
2.2757995
2.2757995
2.2757995
2.3252733
2.3252733
2.3252733
2.3747473
2.3747473
2.3747473
2.3747473
2.424221
2.424221
2.473695
2.473695
2.5231688
2.5231688
2.5231688
2.5231688
2.5231688
2.5231688
2.5231688
2.6221168
2.6221168
2.6715906
2.7210646
2.7705383
2.7705383
2.8200123
2.8200123
2.8200123
2.8694863
2.8694863
2.91896
2.91896
2.91896
2.91896
2.968434
2.968434
2.968434
2.968434
3.0179079
3.0179079
3.0179079
3.0179079
3.0179079
3.0179079
3.0673819
3.0673819
3.0673819
3.1168556
3.1168556
3.1168556
3.1168556
3.1168556
3.1663296
3.1663296
3.1663296
3.1663296
3.1663296
3.2158036
3.2158036
3.2158036
3.2652774
3.2652774
3.2652774
3.2652774
3.1663296
3.0673819
2.8694863
2.6715906
2.5726428
2.424221
2.2757995
2.2263255
2.0779037
2.02843
1.9294821
1.8305343
1.7810605
1.6821126
1.5336909
1.3852692
1.2863214
1.1378998
0.989478
0.8905302
0.7915824
0.7421085
0.6431607
0.5442129
0.4452651
0.3957912
0.3957912
0.3957912
0.3463173
0.3463173
0.3463173
0.2968434
0.2473695
0.2473695
0.2473695
0.1978956
0.1978956
0.1484217
0.1484217
0.0989478
0.0989478
0.0989478
0.0494739
0.0494739
0.0494739
0.0494739
0.0494739
0.0494739
0.0494739
0.0494739
0.0494739
0.0494739
0.0494739
0.0494739
0.0494739
0.0494739
0.0494739
0.0494739
0.0494739
0.0494739
0.0494739
0.0494739
0.0494739
0.0494739
0.0494739
0.0494739
0.0494739
0.0494739
0.0494739
0.0494739
0.0494739
0.0494739
0.0494739
0.0494739
0.0494739
0.0494739
0.0494739
0.0494739
0.0494739
0.0494739
0.0494739
0.0494739
0.0494739
0.0494739
0.0494739
0.0494739
0.0494739
0.0494739
0.0494739
0.0494739
0.0494739
0.0494739
0.0494739
0.0494739
0.0494739
0.0494739
0.0494739
0.0494739
0.0494739
0.0494739
0.0494739
0.0494739
0.0494739
0.0494739
0.0494739
0.0494739
0.0494739
0.0494739
0.0494739
0.0494739
0.0494739
0.0494739
0.0494739
0.0494739
0.0494739
0.0494739
0.0494739
0.0494739
0.0494739
0.0494739
0.0494739
0.0494739
0.0494739
0.0494739
0.0494739
0.0494739
0.0494739
0.0494739
0.0494739
0.0494739
0.0494739
0.0494739
0.0494739
0.0494739
0.0494739
0.0494739
0.0494739
0.0494739
0.0494739
0.0494739
0.0494739
0.0494739
0.0494739
0.0494739
0.0494739
0.0494739
0.0494739
0.0494739
0.0494739
0.0494739
0.0494739
0.0494739
0.0494739
0.0494739
0.0494739
0.0494739
0.0494739
0.0494739
0.0494739
0.0494739
0.0494739
0.0494739
0.0494739
0.0494739
0.0494739
0.0494739
0.0494739
0.0494739
0.0494739
0.0494739
0.0494739
0.0494739
0.0494739
0.0494739
0.0494739
0.0494739
0.0494739
0.0494739
0.0494739
0.0494739
0.0494739
0.0494739
0.0494739
0.0494739
