255.0
255.0
255.0
255.0
255.0
255.0
255.0
255.0
255.0
255.0
255.0
255.0
255.0
255.0
255.0
255.0
255.0
255.0
255.0
255.0
255.0
255.0
255.0
255.0
255.0
255.0
255.0
255.0
255.0
255.0
255.0
255.0
255.0
255.0
255.0
255.0
255.0
255.0
255.0
255.0
255.0
255.0
255.0
255.0
255.0
255.0
255.0
255.0
255.0
255.0
255.0
255.0
255.0
255.0
255.0
255.0
255.0
255.0
255.0
255.0
255.0
255.0
255.0
255.0
152.0
152.0
150.0
148.0
146.0
144.0
142.0
138.0
138.0
138.0
138.0
138.0
138.0
138.0
136.0
136.0
136.0
136.0
134.0
134.0
134.0
132.0
132.0
130.0
130.0
130.0
130.0
130.0
128.0
128.0
128.0
126.0
126.0
126.0
124.0
124.0
124.0
122.0
122.0
122.0
122.0
120.0
120.0
120.0
120.0
120.0
118.0
118.0
118.0
118.0
116.0
116.0
116.0
116.0
116.0
116.0
116.0
116.0
116.0
116.0
116.0
116.0
116.0
114.0
114.0
114.0
114.0
114.0
114.0
114.0
114.0
114.0
114.0
114.0
114.0
114.0
114.0
114.0
114.0
114.0
114.0
114.0
114.0
114.0
114.0
114.0
114.0
114.0
114.0
114.0
114.0
118.0
118.0
118.0
118.0
118.0
118.0
118.0
120.0
120.0
120.0
122.0
122.0
122.0
124.0
124.0
124.0
124.0
126.0
126.0
126.0
128.0
128.0
130.0
130.0
130.0
132.0
132.0
132.0
132.0
132.0
132.0
132.0
132.0
132.0
132.0
132.0
132.0
132.0
136.0
138.0
138.0
138.0
140.0
140.0
142.0
142.0
144.0
144.0
146.0
146.0
146.0
148.0
148.0
148.0
148.0
148.0
148.0
148.0
148.0
152.0
154.0
154.0
156.0
156.0
156.0
158.0
158.0
158.0
158.0
158.0
158.0
158.0
158.0
158.0
158.0
158.0
158.0
158.0
158.0
158.0
158.0
158.0
158.0
158.0
158.0
158.0
158.0
158.0
158.0
158.0
158.0
158.0
158.0
154.0
154.0
154.0
152.0
152.0
152.0
152.0
152.0
152.0
152.0
152.0
152.0
152.0
152.0
152.0
152.0
152.0
152.0
152.0
152.0
152.0
152.0
152.0
152.0
152.0
152.0
152.0
152.0
152.0
152.0
152.0
152.0
152.0
152.0
152.0
152.0
152.0
152.0
152.0
152.0
152.0
152.0
152.0
152.0
152.0
152.0
152.0
152.0
152.0
152.0
152.0
148.0
148.0
148.0
148.0
148.0
148.0
148.0
148.0
148.0
148.0
148.0
148.0
148.0
148.0
148.0
148.0
146.0
146.0
146.0
146.0
146.0
146.0
146.0
146.0
146.0
146.0
146.0
146.0
146.0
146.0
146.0
146.0
146.0
146.0
146.0
146.0
146.0
146.0
146.0
146.0
146.0
146.0
146.0
146.0
146.0
146.0
146.0
146.0
146.0
146.0
146.0
146.0
146.0
146.0
146.0
146.0
146.0
146.0
146.0
146.0
146.0
146.0
146.0
146.0
146.0
146.0
142.0
142.0
142.0
142.0
142.0
142.0
142.0
140.0
140.0
140.0
140.0
140.0
140.0
140.0
140.0
140.0
140.0
140.0
140.0
140.0
140.0
140.0
140.0
140.0
140.0
140.0
136.0
136.0
136.0
136.0
136.0
136.0
136.0
136.0
134.0
134.0
134.0
134.0
134.0
134.0
132.0
132.0
132.0
130.0
130.0
130.0
130.0
130.0
128.0
128.0
128.0
128.0
126.0
126.0
126.0
126.0
124.0
124.0
124.0
124.0
124.0
124.0
124.0
124.0
124.0
124.0
124.0
124.0
122.0
122.0
122.0
122.0
120.0
120.0
118.0
118.0
116.0
116.0
116.0
116.0
116.0
114.0
114.0
114.0
114.0
112.0
112.0
112.0
112.0
110.0
110.0
110.0
110.0
110.0
110.0
108.0
108.0
108.0
108.0
108.0
108.0
108.0
108.0
108.0
108.0
108.0
106.0
106.0
106.0
106.0
106.0
106.0
106.0
106.0
106.0
104.0
104.0
104.0
104.0
104.0
104.0
104.0
102.0
102.0
102.0
102.0
102.0
102.0
102.0
102.0
102.0
102.0
102.0
100.0
100.0
100.0
100.0
100.0
100.0
100.0
100.0
100.0
100.0
100.0
100.0
98.0
98.0
98.0
98.0
98.0
98.0
98.0
98.0
98.0
98.0
98.0
98.0
98.0
98.0
98.0
98.0
98.0
98.0
96.0
96.0
96.0
96.0
96.0
94.0
94.0
94.0
94.0
94.0
94.0
94.0
94.0
94.0
94.0
94.0
94.0
94.0
94.0
94.0
94.0
94.0
94.0
94.0
94.0
92.0
92.0
92.0
92.0
92.0
92.0
92.0
92.0
92.0
92.0
92.0
92.0
92.0
92.0
92.0
92.0
92.0
92.0
92.0
92.0
92.0
92.0
92.0
92.0
96.0
98.0
98.0
98.0
98.0
98.0
100.0
100.0
102.0
102.0
102.0
104.0
104.0
106.0
106.0
106.0
106.0
106.0
108.0
108.0
108.0
108.0
108.0
108.0
108.0
108.0
108.0
108.0
108.0
108.0
108.0
108.0
108.0
108.0
108.0
110.0
110.0
110.0
110.0
110.0
112.0
112.0
112.0
112.0
112.0
112.0
112.0
112.0
112.0
112.0
112.0
112.0
112.0
112.0
112.0
112.0
108.0
108.0
108.0
108.0
106.0
106.0
106.0
106.0
106.0
106.0
106.0
104.0
104.0
104.0
104.0
104.0
104.0
102.0
102.0
102.0
102.0
100.0
100.0
100.0
100.0
100.0
100.0
98.0
98.0
98.0
98.0
98.0
98.0
98.0
98.0
98.0
98.0
96.0
96.0
96.0
96.0
96.0
96.0
96.0
96.0
96.0
94.0
94.0
94.0
94.0
94.0
94.0
94.0
94.0
92.0
92.0
92.0
92.0
92.0
92.0
92.0
92.0
92.0
92.0
92.0
92.0
92.0
92.0
92.0
92.0
92.0
92.0
92.0
92.0
92.0
92.0
92.0
92.0
92.0
92.0
88.0
88.0
88.0
88.0
88.0
88.0
88.0
86.0
86.0
84.0
84.0
84.0
84.0
84.0
84.0
84.0
84.0
84.0
84.0
84.0
82.0
82.0
82.0
82.0
82.0
82.0
82.0
82.0
82.0
82.0
82.0
82.0
82.0
82.0
82.0
82.0
82.0
82.0
82.0
82.0
82.0
82.0
82.0
82.0
82.0
82.0
82.0
82.0
82.0
82.0
82.0
82.0
82.0
82.0
82.0
82.0
82.0
82.0
82.0
82.0
82.0
82.0
82.0
78.0
78.0
76.0
74.0
74.0
74.0
74.0
74.0
74.0
74.0
74.0
78.0
78.0
80.0
82.0
82.0
84.0
86.0
88.0
88.0
90.0
92.0
92.0
92.0
94.0
94.0
96.0
98.0
100.0
100.0
102.0
102.0
104.0
104.0
106.0
108.0
110.0
112.0
112.0
114.0
116.0
118.0
120.0
122.0
124.0
124.0
126.0
126.0
128.0
128.0
128.0
128.0
128.0
128.0
128.0
130.0
130.0
130.0
130.0
130.0
130.0
132.0
132.0
132.0
134.0
134.0
134.0
136.0
136.0
136.0
136.0
138.0
138.0
140.0
140.0
142.0
142.0
144.0
144.0
146.0
146.0
148.0
148.0
150.0
152.0
152.0
154.0
154.0
156.0
156.0
158.0
158.0
160.0
162.0
162.0
164.0
166.0
168.0
170.0
172.0
172.0
174.0
174.0
174.0
176.0
176.0
176.0
178.0
180.0
182.0
182.0
182.0
184.0
184.0
186.0
186.0
186.0
188.0
188.0
188.0
188.0
190.0
190.0
192.0
192.0
192.0
192.0
194.0
194.0
194.0
194.0
194.0
196.0
196.0
196.0
196.0
198.0
198.0
200.0
202.0
202.0
204.0
204.0
204.0
206.0
206.0
208.0
208.0
210.0
210.0
210.0
210.0
210.0
212.0
214.0
214.0
216.0
218.0
218.0
222.0
224.0
226.0
228.0
228.0
230.0
230.0
230.0
230.0
230.0
230.0
230.0
230.0
230.0
230.0
230.0
230.0
230.0
230.0
230.0
226.0
224.0
224.0
224.0
222.0
222.0
220.0
220.0
218.0
216.0
214.0
214.0
212.0
208.0
206.0
202.0
200.0
196.0
194.0
190.0
188.0
184.0
182.0
178.0
174.0
170.0
168.0
164.0
158.0
156.0
154.0
152.0
150.0
148.0
144.0
142.0
140.0
138.0
136.0
134.0
132.0
128.0
126.0
124.0
122.0
120.0
118.0
116.0
114.0
112.0
108.0
106.0
104.0
102.0
100.0
98.0
96.0
94.0
92.0
92.0
90.0
88.0
86.0
84.0
82.0
82.0
80.0
76.0
76.0
76.0
76.0
76.0
70.0
68.0
66.0
64.0
64.0
62.0
60.0
58.0
58.0
58.0
56.0
56.0
56.0
56.0
56.0
56.0
56.0
56.0
56.0
56.0
56.0
56.0
56.0
56.0
56.0
56.0
62.0
64.0
68.0
70.0
72.0
76.0
78.0
82.0
84.0
90.0
96.0
100.0
108.0
114.0
120.0
126.0
132.0
138.0
144.0
152.0
158.0
162.0
166.0
172.0
176.0
180.0
186.0
190.0
196.0
200.0
208.0
214.0
216.0
218.0
222.0
222.0
224.0
224.0
226.0
228.0
230.0
232.0
234.0
236.0
236.0
236.0
238.0
240.0
242.0
244.0
244.0
244.0
244.0
244.0
244.0
244.0
246.0
246.0
246.0
248.0
250.0
252.0
252.0
254.0
254.0
254.0
254.0
254.0
254.0
254.0
254.0
254.0
254.0
254.0
254.0
254.0
254.0
254.0
254.0
254.0
254.0
254.0
254.0
254.0
254.0
254.0
254.0
254.0
254.0
254.0
254.0
254.0
254.0
254.0
254.0
254.0
254.0
254.0
254.0
254.0
254.0
254.0
254.0
254.0
254.0
254.0
254.0
254.0
254.0
254.0
254.0
254.0
254.0
252.0
248.0
244.0
240.0
238.0
238.0
236.0
236.0
234.0
232.0
232.0
230.0
228.0
226.0
224.0
224.0
222.0
220.0
220.0
218.0
214.0
212.0
208.0
204.0
204.0
204.0
204.0
202.0
200.0
198.0
196.0
194.0
192.0
190.0
188.0
188.0
184.0
182.0
180.0
178.0
176.0
172.0
170.0
170.0
168.0
164.0
162.0
158.0
154.0
152.0
150.0
148.0
146.0
144.0
142.0
138.0
134.0
134.0
132.0
130.0
128.0
124.0
122.0
122.0
120.0
116.0
114.0
112.0
110.0
108.0
106.0
104.0
104.0
102.0
102.0
100.0
98.0
98.0
96.0
94.0
94.0
94.0
92.0
92.0
90.0
90.0
88.0
88.0
88.0
88.0
88.0
88.0
88.0
88.0
86.0
86.0
82.0
82.0
80.0
80.0
80.0
80.0
80.0
80.0
80.0
80.0
80.0
80.0
80.0
80.0
80.0
80.0
80.0
80.0
80.0
80.0
80.0
80.0
80.0
80.0
80.0
80.0
80.0
80.0
80.0
80.0
80.0
80.0
80.0
80.0
80.0
80.0
80.0
80.0
80.0
80.0
80.0
80.0
80.0
80.0
80.0
80.0
80.0
80.0
80.0
80.0
80.0
80.0
80.0
80.0
80.0
