0.0
0.0
0.0
0.0
0.0
0.0
0.0
0.0
0.0
0.0
0.0
0.0
0.0
0.0
0.0
0.0
0.0
0.0
0.0
0.0
0.0
0.0
0.0
0.0
0.0
0.0
0.0
0.0
0.0
0.0
0.0
0.0
0.0
0.0
0.0
0.0
0.0
0.0
0.0
0.0
0.0
0.0
0.0
0.0
0.0
0.0
0.0
0.0
0.0
0.0
0.0
0.0
0.0
0.0
0.0
0.0
0.0
0.0
0.0
0.0
0.0
190.0
190.0
200.0
200.0
200.0
210.0
210.0
220.0
220.0
220.0
220.0
220.0
230.0
230.0
230.0
230.0
230.0
230.0
230.0
240.0
240.0
240.0
240.0
240.0
240.0
240.0
250.0
250.0
250.0
250.0
250.0
250.0
250.0
250.0
250.0
250.0
250.0
250.0
250.0
250.0
250.0
250.0
250.0
250.0
250.0
250.0
250.0
250.0
250.0
250.0
250.0
250.0
250.0
250.0
230.0
230.0
220.0
220.0
220.0
220.0
210.0
210.0
200.0
200.0
190.0
180.0
170.0
160.0
160.0
150.0
140.0
130.0
120.0
120.0
110.0
100.0
90.0
90.0
80.0
70.0
60.0
50.0
40.0
30.0
10.0
-10.0
-20.0
-30.0
-30.0
-50.0
-50.0
-60.0
-70.0
-70.0
-80.0
-90.0
-90.0
-90.0
-100.0
-100.0
-100.0
-100.0
-100.0
-110.0
-110.0
-110.0
-110.0
-110.0
-120.0
-120.0
-120.0
-120.0
-130.0
-130.0
-130.0
-130.0
-130.0
-140.0
-140.0
-140.0
-140.0
-140.0
-140.0
-140.0
-140.0
-150.0
-150.0
-150.0
-150.0
-150.0
-150.0
-160.0
-160.0
-160.0
-160.0
-160.0
-160.0
-160.0
-170.0
-170.0
-170.0
-170.0
-170.0
-170.0
-170.0
-170.0
-170.0
-170.0
-180.0
-180.0
-180.0
-180.0
-180.0
-180.0
-190.0
-190.0
-190.0
-190.0
-190.0
-190.0
-190.0
-200.0
-200.0
-200.0
-200.0
-200.0
-200.0
-200.0
-210.0
-210.0
-210.0
-220.0
-220.0
-220.0
-220.0
-220.0
-220.0
-220.0
-230.0
-230.0
-230.0
-230.0
-230.0
-230.0
-230.0
-230.0
-230.0
-230.0
-230.0
-230.0
-230.0
-230.0
-230.0
-230.0
-230.0
-230.0
-230.0
-230.0
-230.0
-230.0
-200.0
-190.0
-180.0
-170.0
-160.0
-140.0
-130.0
-120.0
-100.0
-90.0
-70.0
-40.0
-30.0
-10.0
10.0
20.0
30.0
40.0
60.0
70.0
80.0
100.0
110.0
110.0
120.0
120.0
120.0
120.0
130.0
130.0
140.0
140.0
140.0
150.0
150.0
150.0
150.0
150.0
150.0
150.0
150.0
150.0
150.0
150.0
150.0
160.0
160.0
160.0
160.0
160.0
160.0
160.0
160.0
160.0
160.0
160.0
160.0
160.0
160.0
160.0
170.0
180.0
190.0
210.0
220.0
220.0
230.0
230.0
230.0
240.0
240.0
240.0
250.0
250.0
250.0
250.0
250.0
250.0
260.0
260.0
260.0
270.0
270.0
270.0
270.0
270.0
270.0
270.0
270.0
270.0
270.0
270.0
270.0
270.0
270.0
270.0
270.0
270.0
270.0
270.0
270.0
270.0
270.0
270.0
270.0
270.0
270.0
280.0
280.0
280.0
280.0
280.0
280.0
280.0
280.0
280.0
280.0
280.0
280.0
280.0
280.0
280.0
280.0
280.0
290.0
310.0
310.0
320.0
330.0
340.0
360.0
370.0
380.0
380.0
390.0
400.0
410.0
410.0
420.0
430.0
430.0
430.0
430.0
440.0
440.0
450.0
450.0
450.0
450.0
460.0
460.0
460.0
470.0
470.0
470.0
470.0
470.0
470.0
480.0
480.0
490.0
490.0
490.0
490.0
490.0
490.0
490.0
490.0
500.0
500.0
500.0
500.0
500.0
500.0
500.0
500.0
500.0
500.0
500.0
500.0
500.0
500.0
500.0
500.0
510.0
510.0
510.0
510.0
520.0
520.0
520.0
520.0
520.0
530.0
530.0
530.0
530.0
530.0
530.0
530.0
530.0
530.0
530.0
530.0
540.0
540.0
540.0
540.0
540.0
540.0
540.0
540.0
540.0
540.0
540.0
540.0
540.0
540.0
540.0
540.0
550.0
550.0
550.0
560.0
570.0
570.0
580.0
580.0
580.0
580.0
590.0
590.0
590.0
590.0
590.0
560.0
550.0
540.0
530.0
530.0
530.0
520.0
520.0
520.0
510.0
500.0
480.0
460.0
440.0
410.0
380.0
360.0
320.0
290.0
260.0
220.0
200.0
190.0
160.0
140.0
130.0
120.0
100.0
90.0
80.0
70.0
60.0
40.0
40.0
30.0
20.0
10.0
0.0
0.0
0.0
-10.0
-10.0
-20.0
-20.0
-30.0
-30.0
-40.0
-40.0
-40.0
-50.0
-50.0
-50.0
-50.0
-60.0
-60.0
-60.0
-70.0
-70.0
-70.0
-70.0
-80.0
-80.0
-80.0
-80.0
-80.0
-90.0
-90.0
-90.0
-90.0
-90.0
-90.0
-90.0
-90.0
-100.0
-100.0
-100.0
-100.0
-100.0
-100.0
-110.0
-110.0
-110.0
-110.0
-110.0
-120.0
-120.0
-120.0
-130.0
-130.0
-140.0
-160.0
-180.0
-200.0
-220.0
-230.0
-250.0
-260.0
-280.0
-290.0
-310.0
-320.0
-340.0
-360.0
-380.0
-390.0
-400.0
-400.0
-410.0
-420.0
-430.0
-440.0
-450.0
-450.0
-450.0
-450.0
-460.0
-460.0
-460.0
-470.0
-470.0
-470.0
-470.0
-470.0
-480.0
-480.0
-480.0
-480.0
-480.0
-480.0
-480.0
-480.0
-480.0
-480.0
-480.0
-480.0
-480.0
-480.0
-480.0
-480.0
-480.0
-490.0
-490.0
-490.0
-490.0
-490.0
-490.0
-490.0
-490.0
-490.0
-490.0
-490.0
-490.0
-490.0
-490.0
-490.0
-490.0
-490.0
-490.0
-490.0
-490.0
-490.0
-490.0
-490.0
-490.0
-490.0
-490.0
-490.0
-490.0
-490.0
-490.0
-490.0
-490.0
-490.0
-490.0
-490.0
-490.0
-490.0
-490.0
-490.0
-490.0
-490.0
-490.0
-490.0
-490.0
-490.0
-490.0
-490.0
-490.0
-490.0
-490.0
-490.0
-490.0
-490.0
-490.0
-490.0
-490.0
-490.0
-490.0
-470.0
-460.0
-460.0
-450.0
-450.0
-440.0
-440.0
-430.0
-430.0
-430.0
-420.0
-420.0
-420.0
-420.0
-420.0
-420.0
-420.0
-410.0
-410.0
-410.0
-410.0
-410.0
-410.0
-410.0
-410.0
-410.0
-410.0
-400.0
-400.0
-400.0
-400.0
-400.0
-400.0
-400.0
-400.0
-400.0
-400.0
-400.0
-400.0
-400.0
-400.0
-400.0
-400.0
-400.0
-400.0
-400.0
-400.0
-400.0
-400.0
-400.0
-400.0
-400.0
-400.0
-400.0
-400.0
-400.0
-400.0
-400.0
-400.0
-400.0
-400.0
-400.0
-400.0
-400.0
-400.0
-400.0
-400.0
-400.0
-400.0
-400.0
-400.0
-400.0
-400.0
-400.0
-400.0
-400.0
-400.0
-400.0
-400.0
-400.0
-400.0
-400.0
-400.0
-400.0
-400.0
-400.0
-400.0
-400.0
-400.0
-400.0
-400.0
-400.0
-400.0
-400.0
-400.0
-400.0
-400.0
-400.0
-400.0
-400.0
-400.0
-400.0
-400.0
-400.0
-400.0
-400.0
-400.0
-400.0
-400.0
-400.0
-400.0
-400.0
-400.0
-400.0
-400.0
-400.0
-400.0
-400.0
-400.0
-400.0
-400.0
-400.0
-400.0
-400.0
-400.0
-400.0
-400.0
-400.0
-400.0
-400.0
-400.0
-400.0
-400.0
-400.0
-400.0
-400.0
-400.0
-400.0
-400.0
-400.0
-400.0
-400.0
-400.0
-400.0
-400.0
-400.0
-400.0
-400.0
-400.0
-400.0
-400.0
-400.0
-400.0
-400.0
-400.0
-400.0
-380.0
-360.0
-350.0
-340.0
-330.0
-320.0
-320.0
-300.0
-290.0
-270.0
-260.0
-240.0
-230.0
-210.0
-200.0
-190.0
-190.0
-180.0
-170.0
-170.0
-160.0
-160.0
-160.0
-160.0
-160.0
-150.0
-150.0
-140.0
-140.0
-140.0
-140.0
-130.0
-130.0
-120.0
-120.0
-120.0
-110.0
-110.0
-110.0
-110.0
-110.0
-100.0
-100.0
-100.0
-100.0
-90.0
-90.0
-90.0
-90.0
-80.0
-80.0
-80.0
-70.0
-70.0
-70.0
-70.0
-70.0
-70.0
-70.0
-70.0
-70.0
-60.0
-60.0
-60.0
-60.0
-60.0
-60.0
-60.0
-60.0
-60.0
-60.0
-60.0
-60.0
-60.0
-60.0
-60.0
-60.0
-60.0
-60.0
-60.0
-60.0
-60.0
-60.0
-60.0
-60.0
