0.0
0.0
0.0
0.0
0.0
0.0
0.0
0.0
0.0
0.0
0.0
0.0
0.0
0.0
0.0
0.0
0.0
0.0
0.0
0.0
0.0
0.0
0.0
0.0
0.0
0.0
0.0
0.0
0.0
0.0
0.0
0.0
0.0
0.0
0.0
0.0
0.0
0.0
0.0
0.0
0.0
0.0
0.0
0.0
0.0
0.0
0.0
0.0
0.0
0.0
0.0
0.0
0.0
0.0
0.0
0.0
0.0
0.0
0.0
0.0
0.0
0.0
0.0
0.0
0.0
0.0
0.0
0.0
0.0
0.0
0.0
0.0
0.0
0.0
0.0
0.0
0.0
0.0
0.0
0.0
0.0
0.0
0.0
0.0
0.0
0.0
0.0
0.0
0.0
0.0
0.0
0.0
0.0
0.0
0.0
0.0
0.0
0.0
0.0
0.0
0.0
0.0
0.0
0.0
0.0
0.0
0.0
0.0
0.0
0.0
2.8694863
2.8694863
2.8694863
2.8694863
2.8694863
2.8694863
2.8694863
2.8694863
2.8694863
2.8694863
2.8694863
2.8694863
2.7210646
2.6715906
2.6221168
2.6221168
2.5726428
2.5231688
2.473695
2.473695
2.424221
2.424221
2.3747473
2.3252733
2.2757995
2.2263255
2.1273777
2.02843
1.8800082
1.6326387
1.5336909
1.484217
1.3852692
1.3357953
1.2863214
1.1873736
1.0884258
1.0389519
0.989478
0.9400041
0.9400041
0.8905302
0.8905302
0.8410563
0.7915824
0.7915824
0.7915824
0.7421085
0.7421085
0.6926346
0.6926346
0.6926346
0.6926346
0.6926346
0.6431607
0.5936868
0.5936868
0.5442129
0.494739
0.494739
0.4452651
0.4452651
0.4452651
0.4452651
0.3957912
0.3957912
0.3957912
0.3957912
0.3957912
0.3957912
0.3957912
0.3957912
0.3463173
0.3463173
0.3463173
0.3463173
0.2968434
0.2473695
0.1978956
0.1978956
0.1978956
0.1484217
0.0989478
0.0494739
0.0494739
0.0494739
0.0494739
0.0494739
0.0494739
0.0494739
0.0494739
0.0494739
0.0494739
0.0494739
0.0494739
0.0494739
0.0494739
0.0494739
0.0494739
0.0494739
0.0494739
0.0494739
0.0494739
0.0494739
0.0494739
0.0494739
0.0494739
0.0494739
0.0494739
0.0494739
0.0494739
0.0494739
0.0494739
0.0989478
0.1484217
0.2473695
0.2968434
0.2968434
0.3463173
0.3957912
0.3957912
0.3957912
0.3957912
0.3957912
0.3957912
0.3957912
0.3957912
0.3957912
0.3957912
0.4452651
0.494739
0.5442129
0.5936868
0.5936868
0.5936868
0.5936868
0.5936868
0.5936868
0.5936868
0.6431607
0.6431607
0.6431607
0.6431607
0.6431607
0.6431607
0.6431607
0.5442129
0.494739
0.4452651
0.3957912
0.3957912
0.3957912
0.3957912
0.3463173
0.3463173
0.3463173
0.2968434
0.2473695
0.2473695
0.1978956
0.1978956
0.1978956
0.1484217
0.1484217
0.1484217
0.1484217
0.1484217
0.1484217
0.1484217
0.1484217
0.1484217
0.1484217
0.1484217
0.1484217
0.1484217
0.0989478
0.0989478
0.0494739
0.0494739
0.0494739
0.0494739
0.0494739
0.0494739
0.0494739
0.0494739
0.0494739
0.0494739
0.0494739
0.0494739
0.0494739
0.0494739
0.0494739
0.0494739
0.0494739
0.0494739
0.0494739
0.0494739
0.0494739
0.0494739
0.0494739
0.0494739
0.0494739
0.1484217
0.1978956
0.2473695
0.2968434
0.3463173
0.3463173
0.3957912
0.3957912
0.3957912
0.3957912
0.4452651
0.4452651
0.494739
0.494739
0.494739
0.5442129
0.5442129
0.5442129
0.5442129
0.5936868
0.5936868
0.5936868
0.5936868
0.5936868
0.5936868
0.5936868
0.5936868
0.5936868
0.5936868
0.5936868
0.5936868
0.494739
0.4452651
0.3957912
0.3957912
0.3463173
0.2968434
0.2473695
0.1978956
0.1978956
0.1484217
0.0989478
0.0494739
0.0494739
0.0494739
0.0494739
0.0494739
0.0494739
0.0494739
0.0494739
0.0494739
0.0494739
0.0494739
0.0494739
0.0494739
0.0494739
0.0494739
0.0494739
0.0494739
0.0494739
0.0494739
0.0494739
0.0494739
0.0494739
0.0494739
0.0494739
0.0494739
0.0494739
0.0494739
0.0494739
0.0494739
0.0494739
0.0494739
0.0494739
0.0494739
0.0494739
0.0494739
0.0494739
0.0494739
0.0494739
0.0494739
0.0494739
0.0494739
0.0494739
0.0494739
0.0494739
0.0494739
0.0494739
0.0494739
0.0494739
0.0494739
0.0494739
0.0494739
0.0494739
0.0494739
0.0494739
0.0494739
0.0494739
0.0494739
0.0494739
0.0494739
0.0494739
0.0494739
0.0494739
0.0494739
0.0494739
0.0494739
0.0494739
0.0494739
0.0989478
0.0989478
0.1484217
0.1484217
0.1484217
0.1484217
0.1484217
0.1484217
0.1978956
0.2473695
0.3463173
0.3463173
0.3463173
0.3957912
0.3957912
0.3957912
0.3957912
0.3957912
0.3957912
0.3957912
0.3957912
0.3957912
0.3957912
0.3957912
0.4452651
0.494739
0.5442129
0.5936868
0.5936868
0.5936868
0.5936868
0.5936868
0.5936868
0.5936868
0.5936868
0.5936868
0.5936868
0.5936868
0.5936868
0.5936868
0.5936868
0.5936868
0.5936868
0.5936868
0.5936868
0.5936868
0.5936868
0.5936868
0.5936868
0.5936868
0.5936868
0.5936868
0.5936868
0.494739
0.4452651
0.4452651
0.3957912
0.3957912
0.3957912
0.3957912
0.3463173
0.3463173
0.2968434
0.2473695
0.1978956
0.1978956
0.1978956
0.1484217
0.0989478
0.0494739
0.0494739
0.0494739
0.0494739
0.0494739
0.0494739
0.0494739
0.0494739
0.0494739
0.0494739
0.0494739
0.0494739
0.0494739
0.0494739
0.0494739
0.0494739
0.0494739
0.0494739
0.0494739
0.0494739
0.0494739
0.0494739
0.0494739
0.0494739
0.0494739
0.0494739
0.0494739
0.0494739
0.0494739
0.0494739
0.0494739
0.0494739
0.0494739
0.0494739
0.0494739
0.0494739
0.0494739
0.0494739
0.0494739
0.0494739
0.0494739
0.0494739
0.0494739
0.0494739
0.0494739
0.0494739
0.0494739
0.0494739
0.0494739
0.0494739
0.0494739
0.0494739
0.0494739
0.0494739
0.0494739
0.0494739
0.0494739
0.0494739
0.0494739
0.0494739
0.0494739
0.0494739
0.0494739
0.0494739
0.0494739
0.0494739
0.0494739
0.0494739
0.0494739
0.0494739
0.0494739
0.0494739
0.0494739
0.0494739
0.0494739
0.0494739
0.0494739
0.0494739
0.0494739
0.0494739
0.0494739
0.0494739
0.0494739
0.0989478
0.0989478
0.0989478
0.1484217
0.1484217
0.1484217
0.2473695
0.2968434
0.2968434
0.2968434
0.2968434
0.2968434
0.2968434
0.2968434
0.2968434
0.2968434
0.2968434
0.2968434
0.2968434
0.2968434
0.2968434
0.2968434
0.2968434
0.2968434
0.3957912
0.3957912
0.3957912
0.4452651
0.4452651
0.4452651
0.494739
0.494739
0.494739
0.5442129
0.5442129
0.5442129
0.5442129
0.5442129
0.5442129
0.5442129
0.5442129
0.5442129
0.5442129
0.5936868
0.5936868
0.5936868
0.5936868
0.5936868
0.5936868
0.5936868
0.5936868
0.5936868
0.5936868
0.5936868
0.5936868
0.5936868
0.4452651
0.4452651
0.3957912
0.3957912
0.3957912
0.3463173
0.3463173
0.3463173
0.2968434
0.2968434
0.2968434
0.2968434
0.2968434
0.2473695
0.2473695
0.2473695
0.2473695
0.2473695
0.2473695
0.2473695
0.2473695
0.2473695
0.1978956
0.1978956
0.1978956
0.1978956
0.1978956
0.1484217
0.1484217
0.1484217
0.1484217
0.1484217
0.1484217
0.1484217
0.1484217
0.1484217
0.1484217
0.1484217
0.1484217
0.3463173
0.3463173
0.3463173
0.3957912
0.3957912
0.3957912
0.3957912
0.3957912
0.3957912
0.3957912
0.3957912
0.3957912
0.3957912
0.3957912
0.3957912
0.3957912
0.3957912
0.3957912
0.3957912
0.3957912
0.2968434
0.2968434
0.2968434
0.2473695
0.2473695
0.2473695
0.2473695
0.2473695
0.2473695
0.2473695
0.2473695
0.2473695
0.2473695
0.2473695
0.2473695
0.1978956
0.1978956
0.1978956
0.1978956
0.1978956
0.1978956
0.1978956
0.1978956
0.1978956
0.1978956
0.1978956
0.1978956
0.1978956
0.1978956
0.3463173
0.3463173
0.3957912
0.3957912
0.3957912
0.3957912
0.3957912
0.3957912
0.3957912
0.3957912
0.3957912
0.4452651
0.4452651
0.4452651
0.494739
0.494739
0.494739
0.494739
0.494739
0.5442129
0.5442129
0.5442129
0.5442129
0.5442129
0.5442129
0.5442129
0.5936868
0.5936868
0.5936868
0.5936868
0.5936868
0.5936868
0.5936868
0.494739
0.3957912
0.3957912
0.3957912
0.3957912
0.3463173
0.3463173
0.3463173
0.3463173
0.3463173
0.2968434
0.2968434
0.2968434
0.2968434
0.2473695
0.2473695
0.2473695
0.2473695
0.2473695
0.2473695
0.1978956
0.1978956
0.1978956
0.1978956
0.1484217
0.1484217
0.0989478
0.0989478
0.0494739
0.0494739
0.0494739
0.0494739
0.0494739
0.0494739
0.0494739
0.0494739
0.0494739
0.0494739
0.0494739
0.0494739
0.0494739
0.0494739
0.0494739
0.0494739
0.0494739
0.0494739
0.0494739
0.0494739
0.0494739
0.0494739
0.0494739
0.0494739
0.0494739
0.0494739
0.0494739
0.0494739
0.0494739
0.0494739
0.0494739
0.0494739
0.0494739
0.0494739
0.0494739
0.1978956
0.1978956
0.1978956
0.2473695
0.2473695
0.3463173
0.3463173
0.3463173
0.3463173
0.3463173
0.3463173
0.3463173
0.3463173
0.3463173
0.3463173
0.3463173
0.3463173
0.3463173
0.3463173
0.3463173
0.3463173
0.3463173
0.3463173
0.3463173
0.3463173
0.3463173
0.3463173
0.3463173
0.3463173
0.3463173
0.3463173
0.3957912
0.3957912
0.3957912
0.3957912
0.3957912
0.3957912
0.3957912
0.3957912
0.3957912
0.3957912
0.3957912
0.4452651
0.4452651
0.4452651
0.4452651
0.4452651
0.4452651
0.4452651
0.4452651
0.4452651
0.4452651
0.4452651
0.4452651
0.4452651
0.4452651
0.4452651
0.4452651
0.4452651
0.4452651
0.3463173
0.3463173
0.3463173
0.3463173
0.3463173
0.3463173
0.3463173
0.3463173
0.3463173
0.3463173
0.3463173
0.3463173
0.3463173
0.2968434
0.2968434
0.2968434
0.2968434
0.2968434
0.2968434
0.2968434
0.2968434
0.2968434
0.2473695
0.2473695
0.2473695
0.2473695
0.2473695
0.2473695
0.2473695
0.2473695
0.1978956
0.1978956
0.1978956
0.1978956
0.1978956
0.1978956
0.1978956
0.1978956
0.1978956
0.1978956
0.1978956
0.1978956
0.1978956
0.1978956
0.1978956
0.1978956
0.1978956
0.1978956
0.1978956
0.1978956
0.1978956
0.1978956
0.1978956
0.1978956
0.1978956
0.1978956
0.1978956
0.1978956
0.1978956
0.1978956
0.1978956
0.1978956
0.1978956
0.1978956
0.1978956
0.1978956
0.1978956
0.1978956
0.1978956
0.1978956
0.1978956
0.1978956
0.1978956
0.1978956
0.1978956
0.1978956
0.1978956
0.1978956
0.1978956
0.1978956
0.1978956
0.1978956
0.1978956
0.1978956
0.1978956
0.1978956
0.1978956
0.1978956
0.1978956
0.1978956
0.1978956
0.1978956
0.1978956
